509827
509823
509813
509808
509801
511522
510616
510614
510613
488010
488003
459542
459537
459533
459523
459519
428003
427998
427994
430099
425934
425931
425965
353199
353194
353189
353182
353179
314650
314646
314638
314631
314626
295608
295605
289452
289450
281029
281031
281030
281027
280339
280338
280336
280332
280324
232731
189057
189052
189050
530909
530905
530903
509826
509824
509816
509809
509805
510146
510143
488020
488018
488017
488009
488007
488003
475905
475903
475897
459544
459535
459530
459525
459522
428005
427996
427992
423186
371272
371269
371267
353200
353196
353190
353185
353179
348474
348471
348470
348465
337412
337411
337410
337408
314651
314648
314639
314628
314625
295613
530911
530909
530906
530902
509830
509819
509815
509811
509801
488015
488009
488008
488005
475904
475898
459541
459537
459534
459528
459517
428004
427997
427993
424008
424007
423972
423621
417828
417827
417824
408415
408413
371266
353197
353195
353187
353181
337407
314653
314646
314639
314635
314632
314622
295609
295607
295606
294187
294186
294182
530905
509827
509821
509817
509811
509803
488019
488017
475907
475906
475904
459545
459539
459529
459525
459521
428007
428003
427991
417834
417827
417826
417825
353198
353196
353188
353182
353180
314647
314640
314636
314632
314624
303087
295617
248277
248283
248276
248275
248273
247088
247086
220448
220454
220447
220446
220444
220298
220297
189059
530904
509825
509822
509818
509809
509804
511523
511521
510617
510615
510613
488014
488012
488008
475906
475899
459544
459539
459531
459524
459518
428011
428010
428008
428006
427995
430098
425934
425930
425926
378660
378659
378657
371273
371272
371268
371266
353197
353192
353191
353183
337413
337409
314652
314648
314643
314636
314630
314626
295619
530908
530904
530902
509826
509822
509814
509812
509802
511523
511522
510617
510614
510612
488012
488010
488004
459546
459536
459533
459528
459520
428009
428000
427998
423495
423493
423492
378836
378828
378827
378824
378672
378670
378667
371271
371273
371270
371268
353199
353193
353188
353185
353177
348461
348459
348064
337414
337413
337410
314652
509831
509824
509818
509810
509802
459545
459538
459530
459527
459518
428010
427999
427995
427991
425936
425932
425966
353200
353193
353189
353184
353180
337408
314654
314645
314643
314635
314623
312780
312776
312803
312800
312766
303086
303087
295612
295610
248283
248282
248281
248274
248270
247104
247103
247101
220450
220444
189055
189054
189052
542266
542204
542202
542200
509831
509820
509816
509812
509804
490313
490306
488020
488019
488016
475908
475901
475899
475897
459542
459540
459534
459526
459520
428012
428011
428009
428007
428004
427992
430099
425936
425933
425928
353198
353194
353190
353184
353177
314653
314644
314641
314634
314630
307573
307572
295609
295608
295606
280353
280352
542267
542208
542207
530913
530912
530911
530908
530907
509825
509820
509814
509810
509805
510151
510140
510138
488018
488016
488015
488014
488013
488007
488004
475903
459546
459540
459532
459523
459517
428008
428005
427993
425355
425353
425344
425343
425340
417835
417829
417828
417826
353195
353191
353186
353178
314651
314647
314641
314637
314631
542198
542196
530912
530910
530906
509829
509821
509815
509808
509806
510150
510137
510136
510133
498632
498625
498621
490311
490308
475902
475901
475900
475898
459543
459538
459529
459524
459522
449003
448600
428002
428012
428001
427999
427996
425339
425337
425335
417835
417834
417829
417825
417824
416194
412065
408415
408414
378835
378834
378826
542273
542265
542215
542214
542211
530913
530910
530907
530903
509830
509823
509817
509807
509806
510131
510128
498633
498631
498629
498622
475902
475908
475907
475905
475900
459541
459536
459532
459526
459519
449011
449010
449009
449005
449001
448597
428002
428001
428000
427997
424007
424022
423973
423622
421605
421599
421597
421593
378832
378824
509829
509819
509813
509807
509803
511521
510616
510615
510612
488013
488005
459543
459535
459531
459527
459521
428006
427994
430098
425937
425932
425928
399770
399769
399767
399764
399761
399758
399756
399751
370867
370866
370865
370860
350505
350501
350492
350487
350483
350473
350456
350452
350443
329332
329327
329325
299658
299651
299649
299642
530359
508840
508834
508828
508826
508818
510156
510154
510151
510147
510145
510144
498631
498626
498624
490310
490306
473844
473841
473837
473833
458832
458826
458817
458813
458809
430535
430534
430533
430523
430520
425355
425354
425339
425338
425335
418813
418808
418805
414310
414306
415860
415856
415855
415852
378666
378664
378662
365321
365320
508844
508834
508832
508823
508816
508366
489434
489432
489431
489429
458835
458823
458822
458811
458808
430527
430516
430816
430815
430813
424208
365317
314362
314351
314345
314341
360462
329907
314328
314323
314320
314311
314305
314302
297253
297254
296734
296733
296731
286749
286748
286767
286764
286763
237274
237273
237271
237270
184518
184515
508842
508838
508828
508823
508819
508366
489435
489426
489425
489423
458830
458826
458821
458816
458805
430528
430519
430516
422761
422760
422759
422758
422757
314359
314354
314348
314345
314326
314324
314319
314314
314306
314301
296739
296738
296730
289452
289448
237267
184500
184496
184490
184484
184477
184476
184469
184466
184457
167365
159092
542273
542264
542210
542208
542205
530361
530356
508842
508837
508832
508821
508818
510137
510135
510134
489436
489435
489432
489430
489428
481652
481657
481656
481654
473842
473839
473838
473834
458832
458824
458821
458814
458807
449004
449000
448600
430525
430524
430523
430521
425354
425342
425341
418818
418815
418808
418806
415859
415858
415856
530360
530358
530354
508840
508838
508831
508821
508816
489433
489430
489429
473835
458833
458823
458820
458812
458810
430532
430530
430526
430521
430515
423447
423446
423445
423443
417561
417547
417542
399732
399731
399729
399725
399723
369426
369430
369429
369425
369428
369423
369420
354512
354511
354509
354506
354504
354501
354500
354497
354495
542204
542203
542201
530365
530364
530363
530361
530359
530355
508844
508837
508831
508826
508819
510142
510140
510139
498630
498623
473844
473843
473841
473838
458835
458825
458818
458815
458810
430530
430527
430520
430517
427515
418812
418809
418804
414238
414231
414230
365316
314358
314353
314350
314346
314344
360462
314330
314319
314315
314312
542265
542197
542195
530365
530362
530357
508841
508839
508833
508824
508817
510156
510153
510150
510129
510127
498628
498627
498625
498622
490314
490310
490309
489436
489434
489426
489424
489422
481652
481651
473843
473842
473840
473836
458830
458828
458819
458813
458807
430531
430529
430518
425164
418817
418819
418816
418815
418812
418811
418805
530358
508845
508836
508829
508824
508820
458834
458828
458817
458814
458805
430533
430531
430528
430517
423497
423496
423492
418817
418816
418814
418809
418807
414239
414232
414230
314360
314356
314352
314349
314344
314326
314323
314318
314313
314308
296733
296736
287762
287760
287759
237266
184501
184496
207171
207169
184492
193465
193459
193454
530364
530362
530356
530354
508841
508835
508829
508825
508815
489427
489425
489422
473839
473835
473833
458831
458827
458820
458815
458808
430534
430532
430522
430519
425338
425336
415860
415859
415857
415855
415854
414232
414231
378671
378667
365322
365319
365317
314361
314357
314352
314346
314343
329908
314328
314321
314314
314307
314303
296734
542215
542213
542212
530363
530360
530357
530355
508845
508835
508830
508822
508817
489427
489424
489423
473836
473834
458831
458825
458822
458812
458806
449011
449013
449012
449008
449004
449002
448599
430525
430535
430524
430522
430518
430514
424008
424006
423973
423623
414309
414307
414241
414238
414236
414235
314364
314354
314351
314342
348459
508843
508839
508830
508825
508820
481653
458833
458827
458818
458811
458806
430529
430515
423497
423494
423493
414241
414239
414235
414234
371661
371659
371658
371657
314363
314361
314353
349906
314349
349902
314340
349896
349893
349888
349885
349882
314327
314322
314316
314311
314301
297836
297835
297833
313828
299591
299586
297255
297253
296739
508843
508836
508833
508822
508815
489433
489431
489428
473840
473837
458834
458824
458819
458816
458809
430526
430514
430829
430827
430824
427515
424208
422760
419920
417534
399732
399740
399739
399738
399729
399726
354550
354554
354553
354552
354547
354543
354541
354539
354530
354527
354521
354516
314067
314071
314066
314064
297867
297863
297860
542274
542267
542199
542197
542196
530935
530934
530933
530930
530929
530925
511577
511570
511562
511550
511544
487994
487992
487986
459853
459848
459840
459835
459826
429396
429393
429381
425018
425017
353172
353166
353163
353202
353157
318936
318934
318928
318922
318911
297404
297402
282839
282837
282833
247079
247078
247076
235368
235367
235366
542274
542266
542213
542211
530931
530928
511577
511568
511567
511552
511547
510155
510154
510152
510142
510141
510138
490312
490309
482513
482512
482515
482507
459857
459850
459842
459835
459828
429401
429389
429388
429386
427254
424021
423972
423620
378829
378836
378835
378833
378827
378825
378664
378663
371285
371284
371280
353173
353171
353166
530927
511579
511572
511567
511553
511544
487995
487989
487986
482506
459855
459845
459842
459836
459826
449012
449009
449000
448599
429390
429389
429387
429384
378672
378671
378669
371283
371285
371282
371280
371278
353203
353170
353160
353156
318938
318934
318931
318927
318919
318914
307565
307567
297416
297414
297412
289453
289450
289448
213200
511580
511568
511562
511553
511545
488001
487998
487997
487991
487989
487985
482510
482506
482504
459852
459849
459841
459834
459829
429400
429397
429387
429383
424006
424021
423975
423623
421599
421598
421596
415801
415800
415564
414542
414535
414529
414525
378676
378673
371284
371281
353172
353167
353161
353158
353153
348472
348468
348465
348461
530934
530932
530928
530924
511580
511572
511563
511550
511547
510152
510135
510133
488000
487999
482511
482510
482507
482503
459852
459847
459839
459832
459827
429398
429388
429385
429381
425018
425016
421604
421603
421597
421594
417096
417095
417094
417091
417085
353170
353162
353159
353154
318941
318936
318933
318926
318921
318917
297409
297406
511579
511570
511563
511552
511545
509288
509287
487996
487995
487993
487987
459854
459847
459844
459834
459831
429395
429391
429386
429382
427254
353175
353171
353167
353164
353157
318940
318931
318924
318923
318917
297416
297412
237652
237655
237654
237649
235029
235023
235018
235016
214676
214674
206520
206515
206504
206499
206497
206490
206488
542210
542209
542205
530935
530932
530929
511581
511573
511564
511551
511546
490314
490313
490307
488002
488000
487998
482512
482511
482509
482508
459856
459846
459841
459832
459831
449005
449003
448598
429390
429401
429400
429398
429396
429394
429383
429379
425017
353174
353169
353162
353156
341816
318940
318930
318928
318920
318916
318913
297410
542264
542202
542201
530930
530926
530924
511576
511573
511566
511554
511548
510155
510153
510149
510145
510143
498628
498634
498633
498632
498630
498624
482513
482515
482508
482504
459857
459848
459843
459836
459830
429397
429395
429392
429385
423496
423495
423494
424022
423974
423621
378834
378832
378825
378660
378658
378656
371283
371282
371281
530926
511581
511571
511565
511549
511548
510149
510132
510129
510128
488002
488001
487999
487991
487990
487988
482505
459856
459849
459844
459837
459827
429393
429384
429380
427412
423975
423622
420856
371279
353203
353169
353165
353159
341822
341818
318937
318935
318925
318923
318918
318911
312802
312798
312765
303095
303094
307564
307567
297405
511576
511569
511564
511549
511543
487992
487985
459853
459845
459843
459833
459828
429394
429382
417105
417101
417092
417088
399777
399776
399774
398800
398792
398786
398782
370336
370335
370333
344479
344474
344470
344466
344461
344454
344449
327267
327266
327264
297007
297001
296999
296995
296989
296987
296981
294166
294164
294160
294159
237652
511575
511569
511565
511554
511546
487993
487988
459854
459846
459839
459837
459829
429391
429379
427412
420856
353173
353168
353164
353202
353153
318938
318935
318929
318921
318913
307564
307565
297410
297409
297407
282835
235372
235367
235365
235363
184060
184056
184038
184049
184044
183950
183948
173221
173215
167348
148499
148496
151490
151489
530933
530931
530927
530925
511575
511571
511566
511551
511543
509288
509286
487997
487996
487994
487990
487987
482509
482505
482503
459855
459850
459840
459833
459830
429392
429380
371278
353175
353168
353163
353158
353155
341817
318939
318933
318925
318920
318914
303093
297408
297406
287763
287759
287758
247104
247102
247100
235368
235372
235371
542276
542269
542269
542276
542277
542268
542277
542268
184032
183812
183811
183802
183799
183794
183789
183780
183775
167373
167369
130635
130632
123871
123865
123863
123860
108241
108235
99081
99076
99074
99067
77816
77814
77811
77809
70300
70295
70287
69564
51275
51273
42187
42186
42177
42176
42174
31477
31473
31471
31350
29803
29801
26913
26910
24469
24467
24466
24212
295611
294183
283098
283094
283089
232730
184036
183812
183809
183801
183797
183793
183785
183783
183774
167375
167372
167367
161217
161215
161211
161207
161203
130636
130634
130633
123329
123335
123334
123332
123327
123325
107740
107435
107143
99719
99714
99707
99694
99686
97204
97200
97192
97176
94355
94353
94350
94346
94339
281028
283101
283099
283097
283092
283088
278616
278596
278594
278590
275935
277787
232737
232734
232732
189058
189056
189053
184034
183816
183808
183803
183799
183795
183785
183779
183777
167358
167353
161217
161216
161209
161205
161201
123334
123333
123326
123323
105043
105039
105028
105023
104999
105014
109857
109849
109801
109799
189053
189051
184033
183813
183807
183804
183798
183794
183788
183783
183777
167359
167354
132142
132141
132139
132137
132122
123331
123324
107739
107436
107144
99717
99711
99705
99695
99691
97205
97202
97197
97186
94350
94323
94316
94301
94090
94088
94084
94076
94060
93978
93976
77877
77865
70079
70071
70064
70058
295615
281026
280446
247075
232735
232734
232733
232729
184034
183814
183810
183805
183800
183793
183788
183782
183775
167363
161216
161214
161210
161205
161202
130631
130630
130627
123865
123864
123861
112286
112284
112283
107065
108005
108004
108003
106424
98610
98608
98607
98603
98596
84648
84374
78797
78796
314642
314629
295614
295611
281028
281026
280446
232735
232737
232736
232733
189056
184035
183816
183810
183804
183797
183792
183787
183780
183778
167374
167371
167364
160006
160005
160004
130686
130679
130619
130618
112331
112329
112322
108005
108007
108006
108002
106426
106424
98609
98607
98605
98601
184035
183815
183809
183805
183798
183791
183789
183779
183776
167393
167391
167360
167357
167350
130685
130684
130682
130679
130626
130624
130623
112285
112283
108239
108238
108236
99084
99082
99073
99067
85530
85529
85527
85526
77813
77812
77810
70299
70291
70288
69561
64112
64109
64012
64010
64006
63994
63976
280350
280348
280345
280334
280328
232729
184036
183813
183808
183802
183796
183792
183786
183782
183776
167355
160006
160008
160005
160003
123210
123209
123206
123870
123868
123864
123862
124727
124414
124369
108243
108242
108240
108237
108235
108234
99087
99080
99079
99078
99072
99071
99069
83809
83807
83802
76397
76395
303088
247098
247096
247094
220453
220451
220449
220442
220293
220290
189058
189051
184033
183815
183811
183801
183800
183795
183786
183781
183778
167360
167356
130685
130691
130684
130683
130680
130624
130622
123333
123331
123325
112334
112326
112325
112323
112286
112285
112282
107743
107741
378822
378665
353201
314629
312779
312781
312778
312768
303088
307574
295614
286660
286658
286644
286642
286226
282933
282937
282936
282934
281551
280952
232736
232732
232730
184032
183814
183807
183803
183796
183791
183787
183781
378675
378674
353201
348475
348473
348469
348463
348457
348063
314642
307574
295615
282932
282938
282936
282935
281551
232895
232894
232893
232919
232917
212531
212537
212536
212534
212532
212529
212526
212525
196158
299637
299631
299624
299622
299608
280135
280011
279944
279996
276650
276642
276615
365318
314355
348476
348473
348466
348458
329914
329913
329911
329909
314317
314309
312779
312778
312777
312797
297258
297257
296749
296747
296745
289451
289447
237272
237268
184520
184514
184498
184493
184488
184478
184474
184471
184513
184495
184491
184483
184480
184473
184471
184463
184459
167370
167362
157704
157691
157690
157687
151884
151882
132450
132457
132456
132455
123048
123045
123042
123036
106922
106920
106915
106913
106462
106461
106458
103226
103223
102784
99630
99626
99623
99619
99614
99609
99607
96753
96748
96736
94879
72072
72068
68289
159050
157597
157701
157700
157693
156889
156888
156887
153384
153383
153381
151866
151864
149113
149107
149106
149105
149098
149097
149094
148275
148227
106451
106449
105267
105269
105091
104868
103103
103101
102380
102375
102106
101752
101747
95278
95493
95490
95488
93202
76106
76102
72362
72364
72361
72359
71402
71400
71399
69918
415853
378831
378822
365323
314347
329911
329910
314329
314317
314310
297257
296732
286646
286644
286643
283100
283098
283095
283090
278616
278615
278614
278595
278594
278589
248280
248272
220449
220441
220300
220296
354045
354043
354042
354040
342183
318855
318850
318849
309144
309139
309135
302649
302645
302638
302632
295466
295489
295511
295476
295499
295521
295475
295488
295520
295474
295519
295463
295487
295508
295459
295484
295504
209029
209026
209024
201254
201251
201250
201247
201246
193907
193904
193903
193901
193898
193896
193895
193893
184985
187197
296749
296745
237272
237269
184502
184497
184485
184479
184473
184467
184461
184460
167366
159633
159631
159629
157692
157688
157687
147662
132451
132449
132456
132454
132452
106452
106451
106448
104849
104847
104846
103225
103223
102785
99628
99624
99621
99617
99614
99610
99606
96748
96737
96730
96384
96376
96364
378677
378674
365323
365318
314347
348467
348463
329914
329912
329910
314325
314309
314304
312781
312777
312799
312767
297258
297256
296747
286660
286659
286646
286645
286642
285801
285799
248271
247077
247075
220453
220452
184482
193448
184480
193447
193442
184475
193438
184467
184465
184458
170961
170958
167349
167658
167654
167652
167646
167639
167637
167634
166508
166277
166223
165999
161163
161162
161164
156876
156765
124205
124200
124197
106172
106170
106169
106166
106160
104974
104971
104970
103734
103624
103565
102089
97439
97432
97431
97437
97428
97433
296732
284658
284660
284659
284656
237268
184497
184488
184486
184481
184470
184462
184459
167361
167359
167355
159144
159139
130630
130628
112290
112287
106923
106922
106921
106919
106917
106913
106450
106448
103018
103015
102845
99788
99784
99780
99773
99769
99766
99764
96752
96750
96745
96741
96731
96370
348063
329913
329912
329909
314310
314304
297256
296737
296735
286659
286649
286648
278614
278595
278590
278593
273350
247090
247089
247087
220295
220293
220292
184521
184520
184517
184516
184514
184499
184494
184491
184482
184479
184474
184468
184462
167369
166334
166330
124405
124402
97214
97206
97177
296737
299585
297845
297841
297837
296203
296202
296201
287761
283097
283093
283092
283091
283088
276077
275841
273767
273360
247096
247093
237269
207172
184517
184513
184498
184494
207168
184489
193460
193457
184483
193450
184481
193446
193441
184475
193437
184461
184456
170961
170960
167364
297859
297856
286747
286761
286759
286756
286739
286736
286734
283133
283132
283131
283124
283120
220845
220843
222697
222695
222692
222690
214831
214830
214829
214823
188338
188334
188332
188325
188320
188318
188309
179448
179447
179445
178660
167814
167810
167806
167800
167798
167792
167785
163379
163378
163376
163373
159652
159650
159648
159633
213199
213193
184059
184052
184051
184042
184039
183952
173218
173214
167356
167349
159028
159025
159019
348476
348475
348469
348464
348462
348457
348059
341821
341820
341819
318915
312799
312768
297403
297401
291570
282836
279605
279603
279601
184058
184051
184043
184037
183949
183946
173223
173216
167354
161213
161212
161208
161203
157705
157703
157691
213194
184058
184052
184047
184046
184041
183953
183944
173217
167371
161215
161213
161209
161206
161202
159029
159027
159022
121829
121828
121827
121459
121458
121456
110913
109908
107802
107795
106218
106212
106208
106204
106198
106190
98584
98580
98573
98569
98565
98557
98551
98547
98541
98537
70994
71006
71002
70998
348460
348061
341823
341819
318932
297401
289451
289449
283099
283095
283089
283063
279607
279606
279604
279601
248278
248271
247090
247087
220300
220299
213202
213201
213195
213193
184061
184053
184048
184045
184039
183944
173220
173216
167372
167366
161211
161208
294165
294163
294161
283063
235364
184061
184055
184043
184041
183952
183945
173222
173219
167352
159025
159018
112609
112602
99602
99596
99590
99580
99244
69016
69004
69007
68998
68994
65310
65309
65308
65306
65302
65299
63654
63653
63651
63646
63643
34818
34816
34776
34704
34585
28928
28920
24988
24983
206481
194162
194155
194150
194147
194142
194136
194124
194118
194114
194108
180747
180745
170280
170275
170268
169341
169338
169330
164667
164662
164656
164650
164645
164641
164634
164628
164605
164600
164593
164589
286658
286651
286649
286647
220451
220443
213198
213202
213197
213196
213194
184055
184050
184042
184037
183951
183947
173220
173217
167362
161214
161212
161207
161204
130687
130680
130621
130620
130618
112607
112613
112606
112605
112602
107528
107024
99599
99593
99586
99580
99247
85531
85526
84647
348466
341821
341823
341820
318932
318915
283101
283100
283093
283091
248280
248278
247095
247093
220445
220442
213198
213197
213195
184057
184054
184047
184045
183951
183946
173222
173214
167393
167392
167375
297403
291570
273350
235364
184059
184054
184048
184040
183953
183947
173223
173219
167357
167351
153006
157022
157020
157015
152994
152986
109908
109906
107802
107799
106215
106213
106206
106200
106197
106194
98582
98578
98573
98566
98564
98560
98552
98546
98543
98538
237651
237650
235031
235020
235014
220101
220097
220096
188584
188579
188575
188569
188566
188558
188560
180739
180738
180737
166055
166048
166045
166039
166036
165899
165896
150564
150563
150560
150628
150595
150656
150541
150495
145563
150474
145562
145560
110040
97167
97161
97158
97151
97145
97139
97133
97128
97124
97118
97114
97107
97103
97099
97094
97087
97085
97080
75208
68828
68823
68822
68813
68808
68797
68802
68792
68787
64670
64642
64586
64474
62852
62848
62839
62821
62785
220294
220290
213201
213199
213196
184057
184053
184050
184046
184040
183949
183945
173218
167392
167374
167370
167363
159030
159029
159026
159020
130690
130688
130686
130678
130631
130629
130627
112610
112605
112603
112327
112334
112332
112330
112328
112321
112291
112289
112287
107525
107526
107530
107527
107026
107024
99600
99598
24198
22712
22714
22682
22113
21731
17754
17753
17752
17749
17617
15740
15738
14203
14201
14100
14086
13025
13022
10347
10345
10340
9422
9258
9097
9082
94320
94309
91588
91583
91759
91726
91693
77881
77873
77857
70074
70068
73218
73216
73212
73204
72907
72905
70063
69877
43777
43770
43768
43764
34978
34973
34964
34952
29398
29404
29397
29396
29393
25206
25199
25197
25193
24023
24010
23984
23932
17388
17382
16998
15635
15628
15626
15622
13809
105003
99720
99715
99708
99696
77798
77797
77796
77789
77785
70076
70072
70059
69877
63779
63777
63773
63765
63783
63781
51291
51286
51285
51283
43771
43777
43776
43774
43769
43767
33311
33310
33307
33302
33340
33338
31480
31232
31230
28342
28337
28327
28307
28267
24026
24016
23996
23956
69882
68194
68192
68702
68699
68693
68681
68657
68608
68335
68325
68140
68138
67371
67314
67055
67005
57302
57297
57279
52473
52466
52722
52706
52689
51719
51716
51710
51755
51739
51724
50902
50885
50869
50852
49481
49474
49459
49414
49412
48203
48196
50044
50029
50013
46991
46987
46979
47617
47600
78793
78791
76441
76440
69675
69672
69670
69665
69661
51295
51293
51276
51272
47537
47535
34976
34963
34961
34950
31833
31832
31830
31291
30890
30888
23550
23547
23542
23183
19084
19082
19071
17527
17526
17523
17521
15694
15687
15686
15683
15327
15325
15322
15296
14046
14045
14036
14035
13333
98598
82602
78794
78792
76440
69675
69674
69669
69668
69663
47536
42185
42175
22010
22008
21999
31833
31830
31292
21990
30892
30890
30889
21975
27031
27025
21973
21969
23552
23551
23548
23546
21965
23541
23187
21959
22115
21958
21732
21952
21724
21720
21713
18801
18800
18794
18795
76391
77817
77815
77808
76864
70294
70293
69658
69652
69650
69563
66286
66281
64110
51269
51266
107737
107142
99721
99718
99709
99706
99697
99696
99690
99688
94327
94324
94318
94305
85536
85528
85524
84649
84373
77792
77791
77789
77786
70080
70077
70075
70073
70069
70066
70061
69881
69879
68248
68224
68223
68198
68197
68334
68322
68115
68113
67364
67362
167368
166335
166332
166331
123330
123322
99720
99712
99706
99687
97233
97231
97228
97224
97219
97194
97180
94354
94351
94326
94321
94311
77794
77788
70078
70070
70066
70057
69879
51276
51274
34974
35943
35942
35940
35939
29398
29397
29395
29391
25200
25206
25205
25203
25198
25196
196156
196152
196150
196148
196141
196140
196138
196136
185981
185987
185986
185985
185980
185983
185979
185977
185976
169008
169009
169005
169004
168998
168996
168995
168991
168985
168984
166333
166332
123328
123322
113199
112917
112913
112905
112889
112811
112809
99718
99710
99704
99693
85532
85524
77792
77798
159149
159138
124202
124208
124207
124203
124195
105040
105027
105018
109850
109828
109826
109824
105011
108016
108013
104998
101884
104995
106610
106607
106601
106589
106565
101879
101876
101872
101867
101864
101859
97226
97222
97215
97207
97179
97051
96993
94340
94319
94308
94279
94233
77437
68285
68288
68283
68291
68294
51290
51281
51280
51277
49794
49793
49790
41978
35309
35307
35299
41975
41974
33488
33487
33485
33479
33101
29757
29749
29741
25398
25395
25391
1962
1824
1822
1820
69915
69912
69123
68845
68837
66894
66892
66888
66642
58500
56827
56825
56823
60420
60413
56816
60267
58491
58494
52403
51019
51017
50919
47196
43115
39492
39490
42544
42750
42536
42747
31441
31438
31431
31429
31425
33049
33048
33047
33045
33041
33039
31418
31415
30832
30830
30826
30818
29059
29058
184522
184519
184472
161159
159138
151883
147712
130689
112288
108015
108014
108012
101885
101881
101877
101874
101869
101864
101860
85533
85528
85525
84644
187196
187140
187139
187135
187130
170972
170967
168297
168292
168288
168285
168280
168276
168271
166463
166457
162507
81814
81822
81820
81806
41993
41991
41988
41983
30786
30793
30792
30791
30784
30781
30190
30183
28560
27207
27200
24620
24079
15815
15717
14008
13994
13475
13464
13359
12845
12625
12599
9405
12587
7129
7107
2906
2904
2902
184522
184519
184472
161161
157698
157694
130617
112324
112320
106914
106910
106455
106453
89242
89246
89241
89239
89233
89229
89228
89223
89218
89216
89211
85535
85534
85532
85525
77541
77540
77539
77538
77531
77528
75188
75186
73924
72970
71750
71745
71475
71481
16719
16817
16809
16797
16795
15427
15425
15423
12060
12059
12057
12055
12052
11026
11025
11021
8565
8563
8560
8551
8549
7475
7472
7242
6868
6866
6863
6517
6510
3523
3521
3281
3279
2165
2150
2148
84649
84373
76238
76245
76244
76242
76236
76233
76229
76213
69964
69961
69941
69929
69928
65179
65173
51292
51270
51269
51267
48647
47406
47399
47391
47388
47384
47380
47374
29761
29753
29745
22596
22595
22594
22592
22585
22583
19083
19081
19074
17600
17602
17591
17588
15221
15219
15214
13487
97047
96985
94342
94317
94304
94271
94217
91773
91740
91708
90922
90920
90916
90908
90868
90866
78863
78853
78905
78903
78505
78503
78500
78494
78482
78513
78511
73215
73211
72943
72941
71845
71840
71822
71820
68713
68705
68676
68646
68586
67357
67332
67326
67314
67054
67003
64784
64781
64775
64763
170959
170957
167653
167649
167647
167643
167640
167632
165872
165869
165863
165861
161160
161159
161161
159149
130625
106173
106171
106167
106161
102094
102091
85536
85535
85533
85523
84646
84645
84372
77541
77533
77531
77527
73924
72971
71747
71487
34962
34950
29671
29677
29676
29675
29668
159632
157699
157698
130625
123050
123047
123041
123035
106912
106457
106456
106453
104844
104842
104840
103219
103218
103215
103082
98868
98863
98859
98857
98852
98848
98844
76244
76243
76241
76233
76218
76208
73870
73869
73867
73849
73365
72324
70377
67116
63562
63559
63555
62495
62074
62072
157689
148501
148495
150561
150632
150588
150648
150538
150496
150467
145566
145565
97164
97159
97155
97150
97146
97142
97136
97130
97121
97116
97110
97104
97098
97096
97090
97086
75285
75283
68829
68826
68819
68817
68798
68804
68795
68791
64645
64593
64489
62751
62645
34658
70990
70986
70982
65293
65292
65286
65282
63629
63622
63620
63616
62847
62837
62817
62777
62697
51083
51082
51079
47470
47500
47469
47468
47465
47459
47447
28914
28907
28216
28214
28211
28202
28197
24117
24113
24104
19129
19130
19123
18923
18578
18571
18556
16481
16477
16335
16329
16277
16253
159016
156690
156689
156688
156683
156681
156680
156677
156675
156672
132327
132325
132154
132153
132059
121832
121830
121462
121461
109959
109957
109954
97749
97748
97743
97738
97735
97731
97724
77393
70020
70015
70013
70009
70008
69999
69997
67174
67172
67171
65303
65300
64427
64419
64403
24980
24240
24233
16827
16829
16492
16490
16486
16464
16173
16165
16148
14875
14872
14866
15274
15263
15241
12940
12938
12937
12936
12928
11591
10352
10487
10474
7166
7163
7153
6943
6409
6353
4922
4916
4914
4910
4389
4390
4382
4299
3121
3112
3109
3108
2887
2885
2882
2876
2119
79081
79079
79076
79074
69006
69015
69008
69000
68989
51294
51291
51274
51272
49281
49279
49276
49178
49170
49162
42205
42204
42203
42201
30766
30764
30760
30770
28913
28919
28912
28910
28907
24958
24956
24949
24108
24103
19087
19086
19084
19076
16836
16834
16826
16829
16483
16482
16480
16334
167368
161160
162554
151565
151564
151594
151593
151586
151584
151579
151578
151570
130689
130681
112324
107529
99603
99597
99589
99581
99246
84645
84371
79082
79077
79075
69012
69002
69018
68990
51293
51284
51283
49276
49176
49169
49161
35264
62713
53316
53312
51565
51564
51562
50150
50147
50145
48860
48858
48857
47191
47184
47182
47180
47261
47259
47257
47253
47249
47241
42997
42984
42982
42981
41845
34931
34928
34658
33970
33969
33967
33963
28191
28183
28167
28135
24762
24746
24744
24739
24732
24684
24676
24660
24653
23880
23861
23823
99595
99591
99588
99584
99582
99246
79078
79077
79076
69009
69005
69003
69017
69015
69000
68995
68993
68991
65237
65243
65242
65241
65234
65230
63586
63592
63591
63585
63590
63583
63588
63582
63580
62586
62578
62562
62530
49968
50794
50800
50799
50797
50792
50790
50744
50742
50739
49961
681335
681330
660375
660369
645499
645495
645488
645481
645479
626546
626539
596408
596407
596404
596400
595300
595299
591981
591980
591979
708426
708424
708420
706756
706754
681333
681330
660379
660378
660376
660370
645499
645494
645489
645485
645476
596426
596425
596423
596415
596413
596409
596405
596401
591986
591983
591979
591978
588245
588243
588239
588231
588033
588031
674842
674839
645500
645496
645491
645480
645478
596425
596424
596416
596414
596412
596402
596398
585455
585448
585213
585207
585203
582437
582436
582433
674841
674840
674838
645498
645492
645490
645481
645476
596423
596421
596419
596410
596399
681334
681329
660377
660372
645498
645494
645488
645484
645474
596420
596411
596400
670471
670477
670476
670475
670473
670466
684615
684612
681337
681332
681328
660374
660373
660371
660369
645502
645493
645486
645482
645478
596424
596422
596420
596412
596401
590032
590030
590026
590025
681338
681336
681333
681331
660376
645502
645496
645487
645483
645477
596419
596409
596398
708420
706773
706771
706769
681332
681329
660378
660371
645501
645493
645491
645483
645475
596427
596418
596408
596406
596403
708426
708425
708423
706763
706761
706760
684619
684615
684613
681338
681337
681335
681331
660380
660379
660377
660375
645503
645492
645489
645484
645479
626550
626543
626542
626540
626535
626529
625791
596427
596426
596417
596415
596406
596402
585453
585452
585450
585446
542272
542270
681336
681334
681328
674841
674843
674842
674838
645503
645495
645490
645485
645474
596422
596413
596410
596404
591987
591986
591983
591982
591980
585457
585450
585447
582446
582438
582437
582435
706768
706767
706765
670472
670464
660374
660380
660373
660372
660370
645500
645497
645487
645482
645475
626549
626548
626541
626538
626534
626533
625790
596418
596417
596416
596407
596405
590636
590632
590631
590629
590628
585453
585459
585458
585457
585455
585449
707209
707207
707206
681927
681918
681911
668492
